{
  "camera_angle_x": 0.9728368167647318,
  "camera_angle_y": 1.2245460636973506,
  "fl_x": 2904.71,
  "fl_y": 2904.71,
  "k1": 0.0247423,
  "k2": 0,
  "p1": 0,
  "p2": 0,
  "cx": 1536.0,
  "cy": 2040.0,
  "w": 3072.0,
  "h": 4080.0,
  "frames": [
    {
      "file_path": "./../colamp_data/face_mask/images/PXL_20220214_120454798.jpg",
      "sharpness": 133.9937389099521,
      "transform_matrix": [
        [
          0.815066967071885,
          -0.04164575856613231,
          0.5778675736236585,
          1.926019608593244
        ],
        [
          0.45896728358994876,
          0.6551106945668081,
          -0.6001488052847237,
          -2.200515053770655
        ],
        [
          -0.3535737616657978,
          0.754383930124665,
          0.5530735358657145,
          1.5032435231401304
        ],
        [
          0.0,
          0.0,
          0.0,
          1.0
        ]
      ]
    },
    {
      "file_path": "./../colamp_data/face_mask/images/PXL_20220214_120456829.jpg",
      "sharpness": 143.38383852876558,
      "transform_matrix": [
        [
          0.8990638716375954,
          0.13083914102518607,
          0.4178100257430276,
          1.1843876630940586
        ],
        [
          0.2104166599672288,
          0.7077349996963732,
          -0.6744152660811602,
          -2.5720924079326357
        ],
        [
          -0.3839387084044427,
          0.6942566092601827,
          0.6087682797199185,
          2.0222738444337742
        ],
        [
          0.0,
          0.0,
          0.0,
          1.0
        ]
      ]
    },
    {
      "file_path": "./../colamp_data/face_mask/images/PXL_20220214_120458745.jpg",
      "sharpness": 130.37635394324556,
      "transform_matrix": [
        [
          0.9247393662410157,
          0.3043062785821522,
          0.22859095779801403,
          0.7584231617274773
        ],
        [
          -0.05887456565237155,
          0.7077499424145681,
          -0.7040049208935395,
          -2.8566673463785075
        ],
        [
          -0.3760185645132926,
          0.6375632408901047,
          0.6724009488167869,
          2.35276234179669
        ],
        [
          0.0,
          0.0,
          0.0,
          1.0
        ]
      ]
    },
    {
      "file_path": "./../colamp_data/face_mask/images/PXL_20220214_120501898.jpg",
      "sharpness": 23.324654373465545,
      "transform_matrix": [
        [
          0.8544431107291164,
          0.5179253691606877,
          0.04100034971518215,
          -0.07728056839245973
        ],
        [
          -0.36484707876244843,
          0.6543381684748427,
          -0.6623661173941247,
          -2.8082275628978133
        ],
        [
          -0.3698841913071752,
          0.550995008727743,
          0.7480576496194317,
          2.734902240414467
        ],
        [
          0.0,
          0.0,
          0.0,
          1.0
        ]
      ]
    },
    {
      "file_path": "./../colamp_data/face_mask/images/PXL_20220214_120503962.jpg",
      "sharpness": 61.02664435890419,
      "transform_matrix": [
        [
          0.7244419500565638,
          0.6813597460899397,
          -0.10455678578056114,
          -0.5995341942851431
        ],
        [
          -0.599151932103633,
          0.5473746754712954,
          -0.5842921488010597,
          -2.4927098707031323
        ],
        [
          -0.3408814888286107,
          0.4859314071907088,
          0.804779745881363,
          3.048366935977229
        ],
        [
          0.0,
          0.0,
          0.0,
          1.0
        ]
      ]
    },
    {
      "file_path": "./../colamp_data/face_mask/images/PXL_20220214_120505762.jpg",
      "sharpness": 27.41249273955844,
      "transform_matrix": [
        [
          0.5256222922741763,
          0.8085010704160217,
          -0.26466559185576527,
          -1.2058852168973202
        ],
        [
          -0.817791661613821,
          0.3944869687559852,
          -0.41904351738853884,
          -1.6472711125999477
        ],
        [
          -0.23438996974628715,
          0.4366996437936201,
          0.8685360007990193,
          3.464319535916964
        ],
        [
          0.0,
          0.0,
          0.0,
          1.0
        ]
      ]
    },
    {
      "file_path": "./../colamp_data/face_mask/images/PXL_20220214_120511197.jpg",
      "sharpness": 88.5003002276438,
      "transform_matrix": [
        [
          0.766279082420006,
          0.6393719878004785,
          -0.06343677378925272,
          -0.3264910541892814
        ],
        [
          -0.5305142605614264,
          0.5739189873188674,
          -0.623839562413022,
          -2.41461856110782
        ],
        [
          -0.3624573657961702,
          0.511687512345743,
          0.7789742329869828,
          2.9788191604012946
        ],
        [
          0.0,
          0.0,
          0.0,
          1.0
        ]
      ]
    },
    {
      "file_path": "./../colamp_data/face_mask/images/PXL_20220214_120512764.jpg",
      "sharpness": 51.28202063847289,
      "transform_matrix": [
        [
          0.5381119541615897,
          0.8161619863867229,
          -0.21050745877171198,
          -0.813178630720867
        ],
        [
          -0.7932388150754464,
          0.4059381949786875,
          -0.4538553202181126,
          -1.6488323478967843
        ],
        [
          -0.28496657507342305,
          0.4112083878566446,
          0.8658531253317407,
          3.4924905816832283
        ],
        [
          0.0,
          0.0,
          0.0,
          1.0
        ]
      ]
    },
    {
      "file_path": "./../colamp_data/face_mask/images/PXL_20220214_120515160.jpg",
      "sharpness": 57.65951805332971,
      "transform_matrix": [
        [
          0.23619542437862429,
          0.9276080568084439,
          -0.2894100175368404,
          -1.286676486126271
        ],
        [
          -0.9578909075886902,
          0.17222389319885745,
          -0.22975439714454654,
          -0.8354738266567914
        ],
        [
          -0.16327865364322125,
          0.33148885195980754,
          0.9292229622597088,
          3.7805445689119312
        ],
        [
          0.0,
          0.0,
          0.0,
          1.0
        ]
      ]
    },
    {
      "file_path": "./../colamp_data/face_mask/images/PXL_20220214_120516812.jpg",
      "sharpness": 28.072490856260654,
      "transform_matrix": [
        [
          -0.03489726142426645,
          0.9463755410212957,
          -0.321175984790906,
          -1.3629267747370504
        ],
        [
          -0.9986269230444652,
          -0.0455781989087062,
          -0.02579500337121584,
          -0.043496444659825356
        ],
        [
          -0.039050338396054714,
          0.31983545219100284,
          0.9466680135959054,
          3.8322855166646663
        ],
        [
          0.0,
          0.0,
          0.0,
          1.0
        ]
      ]
    },
    {
      "file_path": "./../colamp_data/face_mask/images/PXL_20220214_120518665.jpg",
      "sharpness": 15.61955973307274,
      "transform_matrix": [
        [
          -0.30076059277115813,
          0.896351996387686,
          -0.32572280600186165,
          -1.0811444146838407
        ],
        [
          -0.9479799067304876,
          -0.24363231588674428,
          0.20488183688211403,
          0.9684309187835889
        ],
        [
          0.10428971550935827,
          0.37039942604181364,
          0.9229994119286556,
          3.890599116909735
        ],
        [
          0.0,
          0.0,
          0.0,
          1.0
        ]
      ]
    },
    {
      "file_path": "./../colamp_data/face_mask/images/PXL_20220214_120520026.jpg",
      "sharpness": 33.47937195127806,
      "transform_matrix": [
        [
          -0.5168423700672637,
          0.8307463210252292,
          -0.20671265752192136,
          -0.990154330307918
        ],
        [
          -0.8321746134880988,
          -0.4308830632512673,
          0.34902830690674225,
          1.3593974877822064
        ],
        [
          0.2008855518879447,
          0.35241553451446794,
          0.9140285737882532,
          3.660276088894846
        ],
        [
          0.0,
          0.0,
          0.0,
          1.0
        ]
      ]
    },
    {
      "file_path": "./../colamp_data/face_mask/images/PXL_20220214_120521360.jpg",
      "sharpness": 21.212787623129852,
      "transform_matrix": [
        [
          -0.6678794153459271,
          0.731346590463274,
          -0.13809223393448733,
          -0.7017143858242011
        ],
        [
          -0.6923584483176706,
          -0.5424297407596608,
          0.4758255667881156,
          1.780950050134532
        ],
        [
          0.27308803564932965,
          0.41340333169526877,
          0.8686314597530496,
          3.767046802290897
        ],
        [
          0.0,
          0.0,
          0.0,
          1.0
        ]
      ]
    },
    {
      "file_path": "./../colamp_data/face_mask/images/PXL_20220214_120522229.jpg",
      "sharpness": 33.11423818533316,
      "transform_matrix": [
        [
          -0.7151650470303617,
          0.69410516590522,
          -0.08218890126921649,
          -0.2526093062712573
        ],
        [
          -0.6156034230773146,
          -0.5698234309562837,
          0.544363600170096,
          2.14318489894266
        ],
        [
          0.331012820671156,
          0.4399064482801911,
          0.8348130290885236,
          3.698440638607335
        ],
        [
          0.0,
          0.0,
          0.0,
          1.0
        ]
      ]
    },
    {
      "file_path": "./../colamp_data/face_mask/images/PXL_20220214_120523543.jpg",
      "sharpness": 52.32021164620584,
      "transform_matrix": [
        [
          -0.7697695598681634,
          0.6382814609887509,
          0.00697249441455635,
          0.17794961106077525
        ],
        [
          -0.5008967249964478,
          -0.6107818315964346,
          0.6132251442353012,
          2.496710551322967
        ],
        [
          0.39566964199697224,
          0.46855083009130555,
          0.7898769298801527,
          3.7112786184056237
        ],
        [
          0.0,
          0.0,
          0.0,
          1.0
        ]
      ]
    },
    {
      "file_path": "./../colamp_data/face_mask/images/PXL_20220214_120524413.jpg",
      "sharpness": 75.71713843207456,
      "transform_matrix": [
        [
          -0.8351845022326234,
          0.5431178080792498,
          0.08654316052042459,
          0.6487134955113726
        ],
        [
          -0.36524570224801123,
          -0.665398465907048,
          0.6510301737979991,
          2.8103826405384846
        ],
        [
          0.4111718140034908,
          0.5121208696359977,
          0.7541020805607848,
          3.5045109947727995
        ],
        [
          0.0,
          0.0,
          0.0,
          1.0
        ]
      ]
    },
    {
      "file_path": "./../colamp_data/face_mask/images/PXL_20220214_120525294.jpg",
      "sharpness": 47.888321700027745,
      "transform_matrix": [
        [
          -0.8639115269132747,
          0.472087193054417,
          0.1754695574766102,
          1.0850768710239038
        ],
        [
          -0.24139834581836495,
          -0.693906619715539,
          0.6783947864106649,
          3.0394663724960775
        ],
        [
          0.44202127436157934,
          0.5437154313259783,
          0.713435822298391,
          3.3306398920626625
        ],
        [
          0.0,
          0.0,
          0.0,
          1.0
        ]
      ]
    },
    {
      "file_path": "./../colamp_data/face_mask/images/PXL_20220214_120527015.jpg",
      "sharpness": 72.4752296995647,
      "transform_matrix": [
        [
          -0.8745218268849512,
          0.42605765723941064,
          0.23170608434277137,
          1.3502994702112832
        ],
        [
          -0.16893824505362107,
          -0.7154475058286666,
          0.677935061091856,
          2.850978959418197
        ],
        [
          0.4546125684332751,
          0.5537244705814859,
          0.6976508423558035,
          3.2057170791651113
        ],
        [
          0.0,
          0.0,
          0.0,
          1.0
        ]
      ]
    },
    {
      "file_path": "./../colamp_data/face_mask/images/PXL_20220214_120527876.jpg",
      "sharpness": 19.99959158291115,
      "transform_matrix": [
        [
          -0.88337497306838,
          0.3807810803397688,
          0.2732310069692622,
          1.5715409002627077
        ],
        [
          -0.10470281765746917,
          -0.7286031253729531,
          0.6768866434095578,
          2.695801222954261
        ],
        [
          0.456822347396096,
          0.5693363560477362,
          0.6834979925624086,
          2.869421317025583
        ],
        [
          0.0,
          0.0,
          0.0,
          1.0
        ]
      ]
    },
    {
      "file_path": "./../colamp_data/face_mask/images/PXL_20220214_120528650.jpg",
      "sharpness": 15.94832731722317,
      "transform_matrix": [
        [
          -0.8774057097188168,
          0.23216367016644562,
          0.4198322617044066,
          2.163655525565729
        ],
        [
          0.10260525745090002,
          -0.7640489115339644,
          0.6369468633799559,
          2.5557616700019947
        ],
        [
          0.4686483483797966,
          0.601937858481679,
          0.6465597644319537,
          2.3336610587151494
        ],
        [
          0.0,
          0.0,
          0.0,
          1.0
        ]
      ]
    },
    {
      "file_path": "./../colamp_data/face_mask/images/PXL_20220214_120529345.jpg",
      "sharpness": 71.73365374732987,
      "transform_matrix": [
        [
          -0.861471454074187,
          0.1763772583367053,
          0.4761917710718254,
          2.4931835328690015
        ],
        [
          0.19372584282044306,
          -0.7526723267637984,
          0.6292497295198798,
          2.5689915156072636
        ],
        [
          0.4694014760121744,
          0.6343311072820917,
          0.6142364099989669,
          2.171845920411758
        ],
        [
          0.0,
          0.0,
          0.0,
          1.0
        ]
      ]
    },
    {
      "file_path": "./../colamp_data/face_mask/images/PXL_20220214_120530299.jpg",
      "sharpness": 38.75460221009821,
      "transform_matrix": [
        [
          -0.8087971257709302,
          -0.027144349055867458,
          0.587461249829589,
          2.7191149812162383
        ],
        [
          0.41763092791645867,
          -0.7298108314354718,
          0.5412585790953031,
          1.9315546411925393
        ],
        [
          0.41404333613237887,
          0.6831102524859389,
          0.601604972053911,
          1.9448328747709618
        ],
        [
          0.0,
          0.0,
          0.0,
          1.0
        ]
      ]
    },
    {
      "file_path": "./../colamp_data/face_mask/images/PXL_20220214_120532325.jpg",
      "sharpness": 42.01697862397706,
      "transform_matrix": [
        [
          -0.6090203258293404,
          -0.2913329422355551,
          0.7377124520383259,
          3.2497674038188444
        ],
        [
          0.70640695905643,
          -0.6221765009744362,
          0.33746978673605244,
          1.5483990607372944
        ],
        [
          0.36067113924571714,
          0.726651084093427,
          0.5847175401984355,
          1.8856914769782778
        ],
        [
          0.0,
          0.0,
          0.0,
          1.0
        ]
      ]
    },
    {
      "file_path": "./../colamp_data/face_mask/images/PXL_20220214_120535875.jpg",
      "sharpness": 147.88928358281214,
      "transform_matrix": [
        [
          -0.6103536692774078,
          -0.09369624099963314,
          0.7865682411393549,
          3.0041129533820548
        ],
        [
          0.6729330877777181,
          -0.5851772368700572,
          0.452469653253567,
          1.741975719624433
        ],
        [
          0.41788702483467294,
          0.8054742613473165,
          0.4202162690498834,
          1.5708595416014854
        ],
        [
          0.0,
          0.0,
          0.0,
          1.0
        ]
      ]
    },
    {
      "file_path": "./../colamp_data/face_mask/images/PXL_20220214_120536894.jpg",
      "sharpness": 104.87037744257273,
      "transform_matrix": [
        [
          -0.4498826515768318,
          -0.19988580975568848,
          0.8704319338492199,
          3.502146344387215
        ],
        [
          0.8322656775156387,
          -0.44735483894269107,
          0.32742591885999467,
          1.3674290607318182
        ],
        [
          0.32394387521790485,
          0.8717337707343958,
          0.367615086953435,
          1.305192793878737
        ],
        [
          0.0,
          0.0,
          0.0,
          1.0
        ]
      ]
    },
    {
      "file_path": "./../colamp_data/face_mask/images/PXL_20220214_120538207.jpg",
      "sharpness": 108.26109347857181,
      "transform_matrix": [
        [
          -0.2707612057141729,
          -0.23321496953639212,
          0.9339698743370729,
          3.6496300729644786
        ],
        [
          0.9245827226557296,
          -0.333129153096253,
          0.18485647807754502,
          1.0585312174702208
        ],
        [
          0.26802102355486956,
          0.9135843215668583,
          0.30582486135884024,
          1.1232743322625498
        ],
        [
          0.0,
          0.0,
          0.0,
          1.0
        ]
      ]
    },
    {
      "file_path": "./../colamp_data/face_mask/images/PXL_20220214_120539206.jpg",
      "sharpness": 60.26425222729769,
      "transform_matrix": [
        [
          -0.1740759441443049,
          -0.2229232299395647,
          0.9591677029032124,
          4.124702041432293
        ],
        [
          0.9606643483515424,
          -0.25247729720677675,
          0.11566851765473185,
          0.46921797736078585
        ],
        [
          0.21638291314667918,
          0.9415733280309988,
          0.25810463575530074,
          1.09898226874585
        ],
        [
          0.0,
          0.0,
          0.0,
          1.0
        ]
      ]
    },
    {
      "file_path": "./../colamp_data/face_mask/images/PXL_20220214_120541158.jpg",
      "sharpness": 64.35292083129204,
      "transform_matrix": [
        [
          0.006070091515672449,
          -0.24024173678666488,
          0.9706940763622064,
          4.188206821248901
        ],
        [
          0.9943622060481685,
          -0.10131416994032581,
          -0.031292825115085285,
          -0.09105933929246855
        ],
        [
          0.10586291659446972,
          0.9654114536538287,
          0.23827231731662268,
          1.1600865994740792
        ],
        [
          0.0,
          0.0,
          0.0,
          1.0
        ]
      ]
    },
    {
      "file_path": "./../colamp_data/face_mask/images/PXL_20220214_120542095.jpg",
      "sharpness": 75.34364635984888,
      "transform_matrix": [
        [
          0.19666452623759495,
          -0.23841350884700377,
          0.9510423840543726,
          3.9382784308863927
        ],
        [
          0.9775792756008471,
          -0.0267599670484385,
          -0.20886037147663733,
          -0.7836554747258239
        ],
        [
          0.07524494547308722,
          0.9707947593200031,
          0.22780537715404883,
          1.224506353337005
        ],
        [
          0.0,
          0.0,
          0.0,
          1.0
        ]
      ]
    },
    {
      "file_path": "./../colamp_data/face_mask/images/PXL_20220214_120542899.jpg",
      "sharpness": 72.2359615139019,
      "transform_matrix": [
        [
          0.32691513980548703,
          -0.22122567153478306,
          0.9187960903234441,
          4.03356214520682
        ],
        [
          0.9450533587660359,
          0.07740546000196932,
          -0.317620209078205,
          -1.2068338007490977
        ],
        [
          -0.00085393347229544,
          0.9721461465320836,
          0.23437502593161902,
          1.2236011126528032
        ],
        [
          0.0,
          0.0,
          0.0,
          1.0
        ]
      ]
    },
    {
      "file_path": "./../colamp_data/face_mask/images/PXL_20220214_120546069.jpg",
      "sharpness": 32.3253056544544,
      "transform_matrix": [
        [
          0.47480019215125646,
          -0.20478124404120868,
          0.8559379619132285,
          3.905028553423945
        ],
        [
          0.8780198964799951,
          0.17694216166543394,
          -0.44471633954056533,
          -1.6779550423957756
        ],
        [
          -0.060381798008209614,
          0.9626819049251798,
          0.2638140932069428,
          1.2708982132077624
        ],
        [
          0.0,
          0.0,
          0.0,
          1.0
        ]
      ]
    },
    {
      "file_path": "./../colamp_data/face_mask/images/PXL_20220214_120546836.jpg",
      "sharpness": 118.9177441565568,
      "transform_matrix": [
        [
          0.5202852596168285,
          -0.20663789475390937,
          0.828615577478019,
          3.7295776328251367
        ],
        [
          0.8505374915189945,
          0.21257314672906458,
          -0.4810390390912764,
          -2.1343109991029996
        ],
        [
          -0.07674063437121349,
          0.9550461845204303,
          0.28635202284181704,
          1.4832891096626433
        ],
        [
          0.0,
          0.0,
          0.0,
          1.0
        ]
      ]
    },
    {
      "file_path": "./../colamp_data/face_mask/images/PXL_20220214_120547791.jpg",
      "sharpness": 33.0517475994541,
      "transform_matrix": [
        [
          0.5984629877886501,
          -0.23457939034487288,
          0.7660378330140466,
          3.6279723947173657
        ],
        [
          0.7918746555506558,
          0.31828188368273563,
          -0.5211822202867702,
          -2.080816259833112
        ],
        [
          -0.1215576272322035,
          0.9185143637043266,
          0.37623765398262476,
          2.069654809617721
        ],
        [
          0.0,
          0.0,
          0.0,
          1.0
        ]
      ]
    },
    {
      "file_path": "./../colamp_data/face_mask/images/PXL_20220214_120549288.jpg",
      "sharpness": 32.6796046014625,
      "transform_matrix": [
        [
          0.537864501679307,
          -0.33260379589603123,
          0.7746458514151575,
          3.639393622349125
        ],
        [
          0.8345644973752993,
          0.33997639772677746,
          -0.4334951116840959,
          -1.7758379989238737
        ],
        [
          -0.11917932010976258,
          0.8796536230519445,
          0.46044069138948585,
          2.593775129290314
        ],
        [
          0.0,
          0.0,
          0.0,
          1.0
        ]
      ]
    },
    {
      "file_path": "./../colamp_data/face_mask/images/PXL_20220214_120552075.jpg",
      "sharpness": 57.079473597331486,
      "transform_matrix": [
        [
          0.6377846746950296,
          -0.44168483204547565,
          0.6309874461796187,
          2.8490273883011126
        ],
        [
          0.7528121373393719,
          0.530642077467381,
          -0.3894776263987727,
          -1.6162363750781639
        ],
        [
          -0.16280214906180207,
          0.7234178858121026,
          0.6709411355932591,
          2.918515318947929
        ],
        [
          0.0,
          0.0,
          0.0,
          1.0
        ]
      ]
    },
    {
      "file_path": "./../colamp_data/face_mask/images/PXL_20220214_120554020.jpg",
      "sharpness": 74.48982141030203,
      "transform_matrix": [
        [
          0.5434511143323248,
          -0.5776198594178351,
          0.609110986556155,
          2.469014542187038
        ],
        [
          0.8322921996878551,
          0.46526005147667193,
          -0.301368192291764,
          -1.0775104414972168
        ],
        [
          -0.10931875341362181,
          0.6707372003217449,
          0.7335945886449595,
          2.913005571327425
        ],
        [
          0.0,
          0.0,
          0.0,
          1.0
        ]
      ]
    },
    {
      "file_path": "./../colamp_data/face_mask/images/PXL_20220214_120555039.jpg",
      "sharpness": 47.079973686953316,
      "transform_matrix": [
        [
          0.36051093124342715,
          -0.7165857820605597,
          0.5971069525597505,
          2.2460278856021714
        ],
        [
          0.9327381886835787,
          0.2731126761784316,
          -0.2353910798000481,
          -0.6978970895139818
        ],
        [
          0.005600431540290662,
          0.6418055065255494,
          0.7668470075775659,
          3.003541502598279
        ],
        [
          0.0,
          0.0,
          0.0,
          1.0
        ]
      ]
    },
    {
      "file_path": "./../colamp_data/face_mask/images/PXL_20220214_120556597.jpg",
      "sharpness": 64.6065314774725,
      "transform_matrix": [
        [
          0.1989391785412007,
          -0.7889632489639121,
          0.5813434378616825,
          1.8249882183917145
        ],
        [
          0.9783072763387984,
          0.12490656648176485,
          -0.16526711984941306,
          -0.37601371362935765
        ],
        [
          0.05777607020162205,
          0.6016106210397116,
          0.7966972987128714,
          3.051268162648711
        ],
        [
          0.0,
          0.0,
          0.0,
          1.0
        ]
      ]
    },
    {
      "file_path": "./../colamp_data/face_mask/images/PXL_20220214_120559105.jpg",
      "sharpness": 108.28005355131947,
      "transform_matrix": [
        [
          0.050951739438750476,
          -0.8470152195812937,
          0.5291210993783102,
          1.6568270262057343
        ],
        [
          0.9948166911635541,
          -0.0036379083060042935,
          -0.1016194679898118,
          -0.15700321589889224
        ],
        [
          0.08799812993937116,
          0.5315561899915565,
          0.8424395206614105,
          3.0578177389302112
        ],
        [
          0.0,
          0.0,
          0.0,
          1.0
        ]
      ]
    },
    {
      "file_path": "./../colamp_data/face_mask/images/PXL_20220214_120600421.jpg",
      "sharpness": 29.782339298001727,
      "transform_matrix": [
        [
          -0.04293578056793139,
          -0.8687494403340342,
          0.49338719490355376,
          1.4972791034938429
        ],
        [
          0.9978335500999368,
          -0.06192764214297001,
          -0.02220738760056666,
          -0.012627682518441466
        ],
        [
          0.049846959484539016,
          0.49136480881705713,
          0.8695262517034891,
          3.03335489079271
        ],
        [
          0.0,
          0.0,
          0.0,
          1.0
        ]
      ]
    },
    {
      "file_path": "./../colamp_data/face_mask/images/PXL_20220214_120601853.jpg",
      "sharpness": 55.917772957854226,
      "transform_matrix": [
        [
          -0.040108428920322944,
          -0.8720590399324376,
          0.48775439260258946,
          1.4709261749926446
        ],
        [
          0.9986307006538263,
          -0.051393577389685904,
          -0.009768700379020459,
          0.3427769164566632
        ],
        [
          0.033586327678813574,
          0.48669470111008395,
          0.8729262450089965,
          2.8976910864001875
        ],
        [
          0.0,
          0.0,
          0.0,
          1.0
        ]
      ]
    },
    {
      "file_path": "./../colamp_data/face_mask/images/PXL_20220214_120603440.jpg",
      "sharpness": 56.95932201979851,
      "transform_matrix": [
        [
          -0.06614867967855519,
          -0.8681884722806918,
          0.4918059784084002,
          1.3690360002187199
        ],
        [
          0.9977822673473489,
          -0.05389456677657194,
          0.039062846514495334,
          0.07562633232658196
        ],
        [
          -0.007408245418103254,
          0.49329925083150095,
          0.8698281188722856,
          2.8704026153670816
        ],
        [
          0.0,
          0.0,
          0.0,
          1.0
        ]
      ]
    },
    {
      "file_path": "./../colamp_data/face_mask/images/PXL_20220214_120604388.jpg",
      "sharpness": 38.24820468645426,
      "transform_matrix": [
        [
          0.023948484602118722,
          -0.8608688761939484,
          0.5082629714311007,
          1.3818951855985482
        ],
        [
          0.9956118866047633,
          -0.025467244386594624,
          -0.09004660294974297,
          -0.29838757372435654
        ],
        [
          0.09046237518567217,
          0.5081891355660785,
          0.8564813840362969,
          2.933668979244756
        ],
        [
          0.0,
          0.0,
          0.0,
          1.0
        ]
      ]
    },
    {
      "file_path": "./../colamp_data/face_mask/images/PXL_20220214_120605926.jpg",
      "sharpness": 17.96051615759692,
      "transform_matrix": [
        [
          0.11080702247380607,
          -0.8609134284666403,
          0.4965378823879066,
          1.2589514861106519
        ],
        [
          0.9784366726649562,
          0.006871784347669146,
          -0.2064326755088816,
          -1.0388725728997539
        ],
        [
          0.17430856211864845,
          0.5087050683733981,
          0.8431107137786803,
          2.922679421663747
        ],
        [
          0.0,
          0.0,
          0.0,
          1.0
        ]
      ]
    },
    {
      "file_path": "./../colamp_data/face_mask/images/PXL_20220214_120608544.jpg",
      "sharpness": 68.68645825088414,
      "transform_matrix": [
        [
          0.4310574319468466,
          -0.7748855632853067,
          0.4623221700957612,
          1.4194743060353485
        ],
        [
          0.8768608325047278,
          0.23886899959159663,
          -0.4172009237325732,
          -1.6671988288724837
        ],
        [
          0.2128485353021402,
          0.5852298130641919,
          0.7824331019688813,
          2.84511788663754
        ],
        [
          0.0,
          0.0,
          0.0,
          1.0
        ]
      ]
    },
    {
      "file_path": "./../colamp_data/face_mask/images/PXL_20220214_120611259.jpg",
      "sharpness": 96.21124674477946,
      "transform_matrix": [
        [
          0.887326948308708,
          -0.32199196202204694,
          0.33010998022867166,
          1.0191029873465276
        ],
        [
          0.4510646500818254,
          0.7548696912241969,
          -0.4761438475024624,
          -2.270392379616014
        ],
        [
          -0.09587550228007743,
          0.5713959926784172,
          0.8150549237789309,
          2.9629540745356433
        ],
        [
          0.0,
          0.0,
          0.0,
          1.0
        ]
      ]
    },
    {
      "file_path": "./../colamp_data/face_mask/images/PXL_20220214_120612676.jpg",
      "sharpness": 53.620436963829455,
      "transform_matrix": [
        [
          0.9748637017759051,
          -0.12549552511324294,
          0.18409612942166428,
          0.27665452279791286
        ],
        [
          0.20120933238308936,
          0.850738632405752,
          -0.48554951401044827,
          -2.2013646512981646
        ],
        [
          -0.09568339540030361,
          0.5103865594821787,
          0.854605313337468,
          3.2208762824723136
        ],
        [
          0.0,
          0.0,
          0.0,
          1.0
        ]
      ]
    },
    {
      "file_path": "./../colamp_data/face_mask/images/PXL_20220214_120613608.jpg",
      "sharpness": 49.39902710754909,
      "transform_matrix": [
        [
          0.9902933306363013,
          -0.0805175881343489,
          0.11329702332489376,
          -0.15109378224488013
        ],
        [
          0.1254906547955916,
          0.868400417302982,
          -0.47972178447137515,
          -1.867340498137404
        ],
        [
          -0.05976114901412458,
          0.4892829252620291,
          0.8700751847129582,
          3.3609121702773104
        ],
        [
          0.0,
          0.0,
          0.0,
          1.0
        ]
      ]
    }
  ]
}